3.1274
-2.4411
-0.6225
-2.8816
-2.4688
2.6904
1.5032
-4.4230
-1.0118
-0.0514
-4.9294
2.1636
0.1732
-0.6169
-0.8149
-1.4809
1.4003
2.0990
-1.1520
-0.1332
-0.2332
-4.5908
-4.8555
2.7382
-0.7266
-0.0483
2.5166
-0.5503
-2.0718
2.1321
-0.2702
1.0980
-3.1552
1.2481
-0.8545
1.9120
-2.0333
-0.6662
-2.6288
0.3441
-1.2455
-0.1044
0.0770
0.1000
3.7349
1.7852
0.6808
0.5306
0.7625
2.5646
-2.3035
0.6746
0.3597
-2.0027
2.5042
-1.7387
1.5637
1.9799
-2.1016
1.4144
1.4562
0.2812
-0.2716
-1.1054
3.1164
0.3350
0.9378
1.4346
0.1062
0.3381
2.4095
-2.2485
-4.0731
-0.5698
-0.7900
1.0358
1.1742
0.9498
-2.7662
-1.2102
-0.1534
-0.6664
-0.6694
-0.1356
0.7290
3.2178
-2.0021
1.8119
-3.4489
2.4794
-0.4247
2.6928
1.9149
4.1372
0.8892
3.0020
-5.3650
1.2066
0.0111
-1.9449
-0.9894
1.5717
-1.3866
-1.2447
1.0108
1.3338
-1.2592
-1.6666
-1.5086
-3.3479
2.0160
-5.5337
3.4603
-2.8121
3.2894
0.1379
0.5525
-3.7423
-0.6457
-3.4668
1.2196
-1.9523
0.9021
-5.5559
0.5220
3.1917
-1.8152
-2.6662
-1.5641
2.4790
-1.9856
0.9633
1.6335
2.9736
-0.0638
1.2498
0.4506
4.6209
-1.8476
-0.4217
0.9250
1.1951
-1.8696
1.9161
1.0594
-0.6014
0.7676
0.3233
-1.6854
3.1346
-1.7294
1.7345
3.6930
-0.0446
2.8565
1.4223
2.0259
0.4319
2.5118
1.8412
5.6441
0.4374
-2.0843
2.2323
1.3934
0.5331
1.3633
-1.7538
1.6656
0.1577
3.1767
-1.8895
0.6866
2.9041
-1.0412
1.0652
0.7205
0.7396
-2.3180
1.1173
-0.6056
0.8561
3.0669
-1.4003
1.5848
1.9368
-0.9991
5.6523
3.7819
2.1235
2.9700
-0.5223
1.4940
4.2946
3.4380
2.0382
0.3373
1.2003
0.8308
0.1966
-3.7721
0.4885
0.6318
0.9468
0.3657
0.4048
5.3904
-0.2245
2.8035
3.3310
1.3829
0.3367
2.6051
-0.6906
1.1346
1.4627
-0.5202
-1.2184
5.5715
0.8157
0.7293
3.1582
0.3401
3.7833
0.4025
0.4693
-1.4649
2.1227
3.1983
-1.6746
0.7861
5.3536
3.5926
-0.0352
-0.5661
-2.6591
-0.3976
-3.0440
3.6950
-0.9767
5.4112
2.2895
-1.5278
4.3742
2.9085
0.4277
2.4823
5.4384
-0.3982
1.7939
0.7608
-2.8599
2.5988
0.3683
1.9747
4.3347
1.4059
1.2549
4.6869
0.6356
0.4122
5.0651
4.6885
2.7899
2.1965
0.6648
-1.5896
-0.5872
3.0436
-1.4330
-0.6652
-1.7213
-2.7500
0.8853
1.2038
-0.1125
-0.5132
0.8508
0.2463
1.2360
-1.1582
-2.3590
0.4420
-3.3755
3.1765
2.8112
-0.1813
-0.3933
2.1639
3.0798
0.0270
2.6439
-3.1860
3.5396
-0.9552
2.8308
-0.6865
-1.2720
2.9263
1.3309
3.2210
1.4182
3.0292
-3.2766
0.4142
4.5161
0.5422
2.3922
2.0009
2.0498
0.2938
-1.7672
1.9126
-0.0249
3.0989
2.5531
-1.0546
2.7363
1.7390
0.0454
0.0975
-2.9638
0.9499
0.9356
-5.5176
1.1099
1.3308
0.6068
-0.2442
3.5045
2.7983
0.6086
1.6030
1.1460
0.3180
-1.1246
4.4787
3.1412
3.8213
1.5291
0.1035
-0.1532
2.0363
-1.0843
-1.1040
-1.6332
-2.3692
2.1835
2.4736
0.9037
3.5831
-1.9764
1.0959
2.1114
1.8048
2.8153
0.9014
2.6541
0.1750
-1.3647
-3.3383
4.3440
1.8017
-4.3062
1.0093
-1.1865
2.3241
3.5507
-3.5045
2.6334
2.7458
1.1253
1.5853
-1.5481
-0.1904
-1.0782
-1.1415
-0.4213
3.3136
-0.0373
5.0816
-1.3208
0.6773
-0.6750
-1.6498
-1.2291
-1.1424
-0.6153
1.1525
-0.8228
-2.3229
-0.3017
-2.6515
0.4225
2.6135
0.5477
0.4905
0.0090
0.6839
0.5369
1.7859
-1.3881
-0.2710
-1.3042
1.2165
-2.2748
-1.5842
2.0004
-1.6184
0.0861
-1.5761
0.9015
1.3073
2.7174
-2.6977
-1.4180
1.1508
1.5417
-0.2459
3.2705
5.3665
-2.7087
2.0003
-0.4336
-0.5988
1.7407
-0.5886
-1.4955
0.9572
-1.6019
-0.7201
2.1095
-0.7977
3.4643
3.1519
-0.0934
-3.7291
-1.4917
-1.2466
0.0912
-3.4908
-2.2889
-2.2278
-3.8756
-0.3646
-1.6640
0.0279
-0.1131
-1.0409
3.0446
2.0030
-3.1329
2.1696
0.8196
-2.2662
2.7124
0.3407
0.9454
5.1240
-1.7998
-5.5252
1.3810
-0.1303
-1.3332
0.3165
5.4544
3.3199
-1.4589
2.6883
-4.4022
0.7334
-0.7596
1.4617
0.2191
-1.4186
1.6598
-0.5956
-2.4150
-1.0154
3.4435
-3.1067
-1.4097
-1.3292
-0.8586
-0.3396
0.9136
-0.7226
-0.0313
1.9601
1.0752
-0.1067
0.4255
0.9584
0.1409
1.7098
-1.5995
-0.4175
0.5717
1.8138
-1.4112
-2.8450
0.2914
1.4653
0.2340
-1.0346
-0.2390
-1.5638
4.8380
0.4602
3.1923
4.9006
0.9896
3.9684
-0.3670
-2.6223
-0.1045
-1.0033
-1.5820
-2.1126
2.7748
-1.0590
0.4923
-4.1428
3.6444
1.1147
4.8176
4.2378
-2.9482
-1.7830
-0.5865
-0.5903
1.6941
-0.3068
-3.4435
-0.0425
0.0984
-0.7328
-0.3368
1.2332
0.0057
-0.6525
1.5289
-1.0098
0.1193
-1.5714
3.0723
-1.0088
-2.3621
0.4702
1.5890
1.7555
0.9968
-1.3548
-2.3522
-1.4471
1.1111
0.2285
0.7024
1.3868
0.7876
1.2005
1.8694
-0.8576
-0.9953
0.6079
3.0013
3.0393
0.1006
0.6289
-4.1475
-1.0301
1.1327
2.3513
0.9858
2.4802
0.5445
1.9163
1.2648
2.0283
0.0438
-0.6765
0.3745
-1.2312
0.9433
-2.6104
0.5932
-0.7336
2.5827
0.9726
-3.0825
-1.3023
-1.0788
1.5966
-1.1217
5.3431
-0.4006
0.3930
-4.3022
-0.1616
-2.1915
-0.9386
-1.6585
0.0509
4.3794
-0.6102
-0.1079
0.2256
2.1776
1.4726
-5.2738
2.1465
2.6196
0.8184
3.3355
0.6876
0.5496
-0.9828
0.5077
0.6153
0.3418
-1.2254
2.2069
-2.3927
0.8198
-2.4916
-4.4746
0.5235
2.6918
-2.5865
-1.1078
-0.3714
-0.1139
-2.0775
0.4800
-5.5588
-0.8666
-1.1037
-1.3641
-0.2960
0.9684
-0.6321
0.0616
0.0850
-2.6699
1.0985
0.6116
-2.2692
1.5468
2.2426
-0.7075
-2.1774
-2.6192
-2.1688
0.1500
-0.3331
-1.8274
-0.5129
-4.1585
-0.8322
0.2702
-0.7585
3.2273
1.5371
-1.9402
0.4904
-0.0399
-1.2436
0.8475
0.0261
2.0178
-0.1158
1.2941
2.0687
0.7969
0.2597
-2.9221
0.0244
3.7307
4.4022
-0.8208
-1.1058
1.9981
-3.1036
-0.4804
0.1540
1.3217
-3.3165
2.4457
0.2356
0.0346
-2.9391
-0.9890
-0.8074
-2.9813
1.4748
0.4889
-0.3633
-1.1530
-0.9208
4.4605
-2.3301
3.2081
-1.1036
2.0196
-1.7049
2.9839
-1.7149
1.5959
1.6320
-2.3316
0.4340
-1.9463
2.3432
-0.6635
1.7743
-1.3664
2.3728
0.4907
-5.0835
-1.6634
-3.5383
1.5975
2.0823
1.3577
0.4665
4.0516
1.4262
2.7151
0.9937
-0.0502
-3.3246
0.7142
-1.1608
0.9503
-1.7105
0.2494
-1.0689
1.3335
4.7713
-2.1753
3.5571
0.5843
-0.2163
-2.1313
0.8670
-0.5856
-1.2121
-1.1077
-2.0816
1.8129
0.4911
2.1673
2.6157
0.4236
-1.0934
-2.4231
1.9610
2.9856
0.4810
-0.1433
-3.3861
1.7095
1.2264
-1.5978
1.6745
0.2251
-2.2024
3.7493
-4.8919
-2.3437
0.7478
3.5966
2.4220
-0.6406
1.9475
3.2953
5.0922
1.7786
0.4723
3.5697
1.9807
-2.1327
-2.6931
-1.2667
-0.7306
1.7175
-1.7858
0.5594
1.0727
4.1302
0.6313
1.7307
0.6717
-0.8314
2.7084
-2.7262
-0.6782
-1.2492
-0.7198
2.7345
0.5161
0.1852
-1.9754
-2.0040
2.3788
-0.6708
-0.6983
-1.0491
2.1840
-1.0985
-1.1338
2.8364
0.7094
1.7580
-2.0443
1.7735
3.7828
3.9643
0.7112
0.8793
3.3552
3.3943
0.7178
4.2006
2.2096
2.7135
4.7826
2.0801
0.3303
2.0265
0.9735
2.5880
-0.4103
1.8250
-0.3175
3.1356
0.1150
-0.8266
1.2459
1.1130
-0.2836
-0.7503
-1.7744
3.7594
2.5488
0.9321
1.8955
6.1650
0.8149
1.7777
-0.9725
1.1438
-1.2916
3.4859
3.1131
0.1068
1.9014
4.2615
-0.7256
-1.6799
-0.4393
-0.4764
2.4806
2.0330
2.5065
2.0916
1.9032
0.9454
2.1788
1.1994
0.7226
1.9391
0.3697
-1.4134
0.1686
2.2736
2.6487
0.4436
3.0840
1.1709
-0.2179
1.9752
0.5932
0.3336
4.0607
2.2691
-0.4003
2.8442
1.0866
-0.0293
0.6709
1.6073
1.8710
2.8674
1.7356
3.2284
2.6490
1.7399
0.5307
1.8323
-2.6520
-0.1478
1.9031
-2.4347
0.0713
-0.4013
-1.2863
2.0168
0.9106
-0.4656
2.9199
-0.6319
-2.6807
-0.7388
-2.2233
-0.2732
0.0566
-0.0936
0.1594
1.0214
-0.1529
1.7066
-0.1422
0.5627
-1.0425
-0.0462
-0.5709
2.7805
-1.4966
1.2163
-0.1686
-3.1039
-0.1620
-1.9509
1.3709
0.6774
-0.8619
2.8420
2.2029
0.6771
-1.1050
1.8310
-0.5818
-2.4798
-1.5567
-0.1481
1.4364
-0.0845
0.2165
-1.7580
-1.5467
-0.3404
-2.6711
1.7355
0.2708
-1.8765
2.5825
3.8871
3.6753
0.2626
0.0914
1.0469
-0.4636
2.2265
0.8377
2.7639
1.7768
3.7632
-3.3135
-4.6494
0.9869
-1.9400
-0.2720
1.0023
0.0598
1.0242
0.4228
-1.3176
-2.2633
2.6969
-0.0104
1.2724
-0.3428
-0.2690
-0.1176
0.7656
-1.2744
-5.0457
2.5585
3.5919
5.1783
3.0026
-2.9394
-2.0090
1.3814
0.7136
-3.9949
-2.1442
1.2771
4.0963
1.4428
-0.8028
-0.9445
1.0294
-0.5986
-0.7245
-0.1281
-3.9796
-0.5420
-2.6359
-0.5105
-0.5156
3.4904
-0.8156
0.0472
-3.3484
-3.3536
-0.8389
-2.3746
-4.4651
0.8391
-0.1918
-2.1842
-1.1709
-0.9406
1.9749
-1.2808
-1.7503
-0.4794
-1.7486
1.8925
-0.9591
-1.5290
1.2223
-1.5972
1.9437
-2.9990
1.3358
-1.2033
-0.5166
-2.4132
-2.1006
-1.2391
-1.3725
-1.1215
-0.2313
2.4875
-3.6212
-2.2773
-1.4124
0.6821
-3.5633
2.1156
0.9189
-2.8702
-2.5687
-0.0921
3.2380
-2.6068
-1.3322
0.1609
-0.6999
1.7131
0.4813
-0.2194
0.3204
0.4525
2.1622
-2.4864
0.2724
0.3355
3.0561
5.4490
3.3761
1.5024
3.1760
2.5536
-0.5455
-2.8260
-0.1113
-1.8896
-2.8219
-1.2475
0.8627
-1.7523
0.3099
-1.7344
-1.7918
-2.9905
0.0573
3.0002
-3.0448
0.0851
-0.3077
-5.2795
0.6623
1.5328
-0.6323
2.3637
3.8709
2.0930
2.1078
-1.5021
-1.5514
1.5066
-2.9805
-0.1344
-0.8394
0.3263
2.2365
-1.7350
-3.1161
2.4508
-2.6213
-0.4985
-5.1583
0.3664
-0.5204
2.3872
2.3104
-1.5842
0.0967
-0.7588
2.9382
-0.2151
-0.1528
-0.3217
0.0640
1.9728
-1.7512
0.1591
-1.0346
1.9535
-1.6346
1.5662
-1.0512
-2.5887
-3.1457
1.5062
1.9177
-1.9756
1.8354
-3.2865
2.4022
2.3092
-3.7135
-0.0100
0.6194
-0.8428
-0.8881
0.0277
-1.6171
1.5892
0.0785
0.2210
-0.6079
0.4266
-0.4340
2.2481
0.5164
-1.2290
-0.3353
1.2023
0.5895
-2.5244
-0.3669
0.7001
1.0529
-1.5413
-0.2260
2.1933
1.4941
1.3951
3.0814
2.4380
-0.1000
-1.3419
1.0168
1.7470
4.3898
2.0416
4.7590
-2.2546
0.5274
1.5541
-1.2516
1.6915
2.9175
4.0195
0.8640
1.6253
2.0455
2.2097
-2.0761
1.5933
-0.8033
1.7838
3.7362
1.4470
0.6918
-1.0225
-1.5484
-1.7574
-2.3270
-1.0449
0.6616
4.2880
-0.5860
0.0730
1.1663
0.4052
3.1696
-2.8421
0.5707
0.4871
1.3738
2.4038
-0.7950
2.2989
1.8242
5.4417
2.3956
1.0976
0.0386
0.7126
2.1925
-0.1076
0.5381
-0.0175
-2.0645
4.8980
2.0559
-0.6728
1.7241
2.3204
1.7974
1.6291
3.0721
1.1521
-0.6013
1.5633
-1.0606
-1.8145
2.5378
1.5152
1.5383
3.1874
1.5603
1.7629
1.8324
0.0409
0.0637
-0.5394
0.2080
-1.9975
4.1965
1.4832
1.9560
0.3952
-0.8362
-0.4753
5.5667
0.8210
4.4184
2.9512
0.7422
0.6541
4.2702
2.5812
1.3993
1.5141
1.0032
2.1575
2.1256
3.3029
2.7549
-0.7512
2.2316
2.0857
1.8045
3.6219
-2.9343
3.4913
-0.1449
-0.2255
0.6128
0.6935
1.4606
-1.1517
2.2740
-1.1568
3.5706
0.1531
2.6640
0.1446
0.7970
-2.9541
-0.8779
0.7079
0.3080
1.0755
2.4673
-0.0804
1.4977
1.6949
0.7538
1.5051
1.3782
2.3802
-3.1135
0.5184
-0.1538
-3.7316
2.0894
0.6457
0.3491
-1.4502
-0.3098
1.4642
0.6263
0.6298
0.9361
3.3730
0.2780
-0.0725
1.5455
-0.7945
0.8391
1.3472
-1.8688
1.8525
2.3191
1.8247
5.1024
-0.6355
1.7450
-2.4720
-0.3770
1.1129
-0.9242
1.9652
-1.2190
3.1654
1.8362
-0.5018
2.4668
1.0730
0.9247
-1.9462
2.8730
0.3165
-1.9682
-0.1094
2.4771
-0.9621
2.7976
0.4920
0.3601
1.9891
-0.1619
-3.7952
7.6376
3.2943
1.9064
-0.4935
0.1412
1.0828
-1.0109
4.0404
3.3656
3.7024
-1.5194
2.8623
1.0272
3.2954
-2.6141
-2.4154
-0.3198
0.5954
-0.4154
0.1832
0.3530
3.0000
-0.9175
7.6753
-2.3172
-2.3019
1.4171
3.1147
-3.8058
-0.0964
0.2785
-0.9448
0.5911
-1.9986
0.5419
2.5954
4.1569
1.4280
3.2014
-0.7629
0.4699
0.3247
0.9687
2.0415
2.6870
-0.3563
4.2007
0.5750
-0.2527
-2.0687
-0.3244
-1.5467
1.4711
0.0637
-2.9993
3.1449
-2.1725
2.2473
-1.8779
-1.6826
0.8860
0.0652
0.3682
1.4741
1.3160
-2.6547
-4.4417
1.2892
1.0066
0.3642
-0.4383
1.9656
1.2255
2.2722
-1.3079
0.7446
-0.9952
3.6239
-1.5451
0.0165
1.1712
-1.4770
-3.9886
-0.0372
-1.6470
2.0062
-1.1360
-0.2070
0.0690
-2.7891
1.9087
0.7241
-0.5815
2.3836
-0.6184
1.4282
-0.4604
-0.5727
0.2734
-0.6017
1.9098
-0.7033
-1.3245
1.7043
1.0630
2.1008
-1.6365
-1.1859
-1.3658
2.8978
-1.9003
2.0299
1.7994
-2.2141
3.1347
2.8195
-4.0986
2.2485
-1.3219
0.3192
-0.6896
-2.8959
-1.5331
0.0067
2.0820
1.8879
-0.5512
0.7609
0.1708
2.5749
1.4651
-2.7555
-1.2737
-1.5625
0.4481
1.7625
0.2342
1.3526
-1.0621
-3.2288
1.7413
-0.7417
-0.0421
-4.3138
1.9531
-5.5597
-2.7380
-0.3940
-0.2670
-0.7718
-1.0575
1.4336
-1.2945
-0.5895
1.0239
-0.5696
-1.8676
3.0419
-3.7210
-0.5276
-0.7879
0.7100
-0.0718
0.8358
2.7144
0.2822
-0.8832
-0.7633
3.5332
-3.0145
-1.8360
3.0536
0.9369
0.9176
3.6618
-3.6443
0.2268
1.1995
-1.8937
-0.9050
-1.4876
-1.7617
-0.9102
-0.8833
-1.2689
-0.1471
0.8091
-1.5320
2.9347
0.8487
0.6363
-3.0832
2.3232
3.8790
-1.7721
-3.7453
-1.6697
2.1981
-0.7132
1.6318
0.2659
-0.9762
1.8946
0.2990
0.5857
-0.4994
-2.5898
2.7979
1.6526
-3.0939
2.2957
-1.1850
-0.0511
0.1982
-2.4893
2.0275
0.8797
-2.5333
1.8985
-1.6888
-2.4058
-0.1840
2.8056
1.5763
-0.0071
-0.5173
-2.3577
1.2642
-0.3670
2.3831
-4.3219
-2.0851
-0.1592
2.8554
1.4555
-0.9142
3.4156
-0.0336
-0.5207
-3.0390
1.3978
-1.3778
-1.9229
-3.1166
-0.1071
1.9544
-0.2892
-2.6088
-3.2852
-3.0233
2.7583
1.9929
2.0513
-0.6845
1.9922
-1.8676
-0.0367
0.3225
-1.1141
-0.3064
-0.1725
-1.9671
0.9882
3.4471
-0.4098
1.6773
1.0708
1.5626
-2.7762
-0.2403
0.3585
-0.4217
0.0756
-1.6631
0.1649
-1.2474
-1.9908
-2.1269
-1.8239
2.7324
-0.9104
2.9043
-0.6462
-0.4462
2.7144
-0.7475
0.2614
-0.0448
-5.9366
-2.2195
-0.5601
0.6959
-3.0919
0.0590
2.4701
-1.2490
2.0694
-0.6944
2.0596
-0.4206
-0.4194
4.0936
1.4210
0.8127
3.1212
1.6128
1.3260
2.4404
-1.6550
1.6030
4.6978
-3.8803
3.5091
1.7213
4.1608
-1.8830
1.2254
1.5087
2.9564
1.1930
3.8877
-2.1781
-0.8085
1.1515
2.3336
-0.1009
-1.7055
0.7574
0.7801
-2.0499
2.4853
3.5280
3.5805
-0.1595
4.1013
-0.2500
-0.1048
0.4415
0.0488
4.0606
1.5408
3.1195
-0.9021
1.7512
1.2755
1.8127
5.6688
-0.4260
4.6473
-0.9526
-2.0523
0.1651
1.6812
2.5756
3.5150
0.9274
3.0149
0.4214
0.4359
-0.0396
4.3917
1.9752
1.4267
3.4627
1.3243
0.5085
-2.2134
-0.8719
1.5401
-1.4168
1.0908
-1.4025
0.5482
0.3605
-0.1112
-2.0786
2.7643
2.4592
1.7809
2.8526
2.0176
-0.8540
-0.6588
2.3907
0.2449
0.8629
3.8864
3.6433
0.1548
-0.6561
1.0311
2.2540
2.8246
3.5058
1.3505
-0.4120
2.0988
-0.5848
0.2478
4.1498
1.5789
1.6944
2.3637
3.0968
2.1709
0.9531
-0.6084
0.6703
1.0712
3.4959
0.2470
-1.8207
-1.5262
-0.0015
1.2629
-0.1946
0.9641
-2.7327
3.7828
0.1737
-1.2578
1.5625
0.3555
1.3677
-2.8332
2.9019
1.7844
1.4753
1.5041
-0.5014
2.9063
-1.6297
1.6119
-3.7159
-2.1060
1.0399
-0.2326
-2.4790
0.3804
0.6734
0.1763
-0.8857
1.6397
-2.3936
2.3882
1.7505
0.2073
1.7119
-1.7135
-3.4465
3.2980
-2.6078
-0.5282
1.8753
0.2924
-0.8720
-0.3554
0.8606
-0.8630
-1.5958
-1.7298
-4.5384
-2.0961
3.3168
0.3732
1.6513
2.6474
0.9511
-0.0506
-0.7292
3.2893
-0.9768
-0.5481
2.7823
-3.4077
-0.0474
-1.7394
2.6039
-0.6917
-1.5182
-1.3317
0.6208
0.0373
-3.5697
3.4799
-0.9874
-0.0118
0.1919
3.4977
-3.8432
-0.5631
4.3965
0.9502
-4.0220
-0.2728
1.8832
0.3017
-1.0426
-2.4798
5.5838
0.4918
-3.2854
1.8867
-0.4956
1.6916
-0.0409
0.6113
2.1561
-3.0367
-0.2288
0.6999
-0.9999
1.9665
0.7850
-0.1277
0.1381
2.7850
-0.9708
3.9194
-2.4086
-2.1932
-2.5683
2.7268
1.2905
-0.1979
0.9191
-3.6191
-0.4456
3.2426
1.4983
0.6606
1.3014
3.6122
0.4012
3.1335
-0.1487
-0.5061
-3.1231
0.3276
-2.2209
1.7115
3.4616
-0.2087
-0.8483
0.5792
0.3462
-3.6161
-0.4206
0.7655
1.7816
-2.1134
1.4815
0.6438
-1.9456
-0.9119
-2.2202
0.0665
1.4501
-2.2100
-0.4132
-0.7436
2.0029
2.0609
3.1033
2.9176
3.8225
-0.1454
2.7222
0.1858
3.8341
-1.1674
1.6575
3.7231
-1.3692
-2.4673
1.6699
1.2174
-1.0257
0.8598
-0.5683
1.0002
0.7079
0.3466
3.9538
0.1188
0.1524
0.1102
-0.3421
-2.1884
2.4598
2.0546
-0.8667
-1.6052
3.5234
-2.7597
4.7060
-0.4166
1.7082
0.4617
0.8262
-4.6063
2.5024
4.9589
-0.4387
-0.4522
1.9593
-0.3494
0.3622
0.9802
-1.1101
-0.4764
1.9103
3.1079
-0.0639
0.0540
3.3252
-1.2386
3.4421
-0.0024
2.9834
0.4630
-0.1488
-2.2856
1.3818
-1.2541
2.0214
0.6869
1.0600
-0.8825
2.0042
-1.7026
-0.4009
3.1128
1.1639
-0.4210
3.5102
-1.4114
1.1721
-1.0891
2.8119
-0.1838
-1.5568
0.2064
-0.5393
4.7520
-0.7269
1.2676
2.7350
-1.5405
-1.7541
2.6156
-1.4982
0.3796
-3.0907
-0.4159
1.8653
-0.2538
0.6386
-0.0304
2.8437
0.1776
-0.6660
2.6707
-0.5823
2.6903
-1.2245
-2.0398
-0.9305
0.7797
3.5947
-0.2804
1.3280
1.4734
3.5144
0.9874
3.5777
0.9015
1.0689
-2.2766
3.4411
-3.2030
-0.6436
2.1599
1.7880
1.0786
1.1647
-3.0623
3.2315
-1.9584
3.1101
-0.3059
1.5078
1.5187
0.8458
2.8383
0.3562
2.9232
-1.9106
-0.0273
0.5639
1.6460
2.8224
2.7123
4.0707
1.7297
2.7961
-3.9652
1.2888
2.1753
1.8104
-1.9071
-1.8034
0.2645
1.3178
-0.2503
-2.3483
1.2143
-0.9083
-0.6283
-0.4635
2.2273
-0.3703
-5.0974
2.3518
3.9760
-5.7058
0.6981
-1.5354
1.5308
0.4041
-0.3238
-2.4925
2.0451
2.0951
2.4740
-3.3311
-0.0641
2.3803
-3.2259
-3.0878
1.2379
-1.7182
-0.9343
2.1543
1.5848
2.6896
-0.3535
0.3509
3.1942
0.1589
-3.5075
0.1129
2.5280
-1.7258
-2.9134
2.1554
0.8458
-3.2533
-3.4686
-0.2807
-1.1257
4.6428
3.1990
0.3812
-0.3212
-0.6736
3.6387
0.3470
2.8030
3.0790
1.2932
-1.7296
-2.3127
-1.1787
-1.7401
-1.0633
-0.2610
-0.0301
0.7708
-2.2039
0.7163
2.8253
-2.6035
1.4707
1.1089
-2.5635
3.6575
-1.9653
1.2907
3.6861
-2.0820
1.9648
0.2347
0.8611
0.1974
-2.6568
-0.8522
0.2871
-0.1596
-0.4117
3.0690
1.5039
-2.7313
-2.7909
0.8724
0.3651
0.6679
-0.9104
2.8997
-0.7518
-2.1903
0.8747
2.3806
1.8756
-1.0875
2.7030
0.9979
2.1148
-0.5109
4.0450
1.6631
0.3187
-0.4794
4.6946
0.8890
0.9835
-2.9808
2.8476
2.5094
1.3116
1.3194
0.6610
2.0932
0.4191
1.8250
0.3846
0.4747
2.2151
3.3432
1.5946
-0.0647
-0.3706
0.0859
0.4423
3.0010
4.1897
4.6350
2.2122
3.6293
-1.0285
1.9524
-3.4621
-2.8126
0.0012
0.7883
-0.8157
-2.4953
1.5755
0.1213
1.3949
3.3489
2.4547
0.8049
0.6721
0.7568
4.1497
1.4473
3.9227
-2.5216
2.3923
0.4896
0.0243
-1.0477
-1.6740
0.1883
-0.3336
2.1492
0.8764
1.1232
1.2204
0.6250
-1.3737
1.1209
1.0213
3.9457
-1.7600
3.6394
2.8171
-2.2803
-2.4425
-1.9421
3.1506
0.8992
0.8179
-0.4335
2.6081
2.7358
0.2747
2.1571
-0.7224
6.5963
-2.5070
2.9902
1.4019
-3.6525
1.1679
0.2770
3.3980
3.0089
2.5539
0.5318
-0.6739
1.9517
-2.2678
-0.1734
-2.6176
1.2994
0.5522
0.6432
-1.2584
3.7745
-0.3424
0.5306
0.7900
1.2399
1.1750
-1.1351
1.3177
1.8891
-1.9902
0.3977
-1.2751
3.4847
2.2677
0.1766
-0.9175
-1.7571
-1.4211
-2.7556
4.9846
6.0934
-0.3936
2.0225
1.0778
0.8659
4.6885
1.8667
-0.3292
2.9657
0.1287
4.7090
2.1100
1.0994
2.9486
-0.5919
-0.1298
1.5954
-0.4238
-4.4192
1.1305
0.6290
-1.1920
-0.3337
-1.0200
5.1085
-0.1120
3.8823
-0.0195
1.2150
1.1593
-0.8067
2.3663
0.0291
2.7538
2.4287
2.8703
1.4341
-0.9320
1.4352
2.5775
-0.5893
2.3048
-0.7811
1.1541
2.1925
-0.2652
-0.2374
2.9787
3.3118
0.8624
0.4221
1.4442
2.3488
2.2118
-0.3828
3.0266
-0.5398
2.3456
1.8349
2.5872
4.3561
1.4503
-1.9271
0.4267
0.6419
0.8808
1.0283
1.6630
-2.7324
2.0209
-0.0907
4.5598
-1.5549
-0.6574
-0.9521
-0.2993
-0.1797
1.3549
-0.8235
3.0442
-3.3876
-5.2511
-1.4899
-2.2774
1.2828
4.1833
2.3127
-0.8060
-2.3411
2.3416
1.7439
1.4843
2.9014
0.2371
-0.6540
2.5635
-0.9496
0.7162
2.4075
-0.2638
0.7874
1.4554
0.8016
-1.7402
0.6986
1.0076
2.3956
1.1935
0.0587
-0.5386
1.2568
1.4953
1.5124
0.2929
3.2781
-0.5483
1.8958
2.2588
1.5788
-4.0248
3.1179
0.9063
-2.0529
2.2104
1.5663
0.6601
-2.8091
0.8745
-0.0408
-0.6858
3.0994
-0.0598
-0.7696
2.2175
-0.6430
1.2810
-2.8349
0.1420
-0.2609
0.9421
3.1483
1.2111
-0.0524
0.0468
-4.6564
-4.5553
-1.3328
0.0897
2.7934
3.1178
-3.2703
0.2081
4.5237
-0.1931
-1.6891
0.0007
-2.6643
2.1330
-0.3227
-0.7435
1.3742
1.1817
3.4203
-0.8023
-0.0925
1.8464
0.4798
0.3315
1.7300
1.0729
2.0649
-1.6523
0.2557
3.1429
2.9828
1.4042
2.0893
0.2180
2.2612
0.1523
1.1654
-5.7359
-1.7549
1.4006
0.6544
1.5814
-3.0366
-0.4923
3.6764
4.6240
3.3238
1.0740
-1.9523
-2.5872
3.4762
0.4227
2.0160
1.3866
1.5806
0.7687
-1.2245
2.7055
0.3795
3.5817
-0.3490
2.0372
-3.1173
4.3596
0.5183
-0.5067
-0.3896
0.5024
3.0250
-1.6175
-2.8100
0.4254
-0.9106
0.8611
-3.8075
-1.0432
-0.8768
-0.5203
1.3996
1.3775
-0.5955
2.4315
-1.5530
0.4116
-0.6877
-0.8337
-1.1200
-0.7974
1.6322
0.5043
1.8690
1.9065
-1.4512
-1.4428
-0.2935
1.5555
0.9000
1.6066
1.6664
-0.0408
0.0565
0.7704
1.4349
2.3919
-2.4884
-1.8912
0.4621
0.3164
-1.3172
-0.7649
0.6864
-1.1089
-0.2263
-2.0314
-2.1377
0.9563
1.6631
-5.2739
-4.7814
-1.7629
1.5203
0.4289
0.1986
-0.3845
-0.3556
-3.1841
0.9695
0.0014
0.8183
0.0587
2.5861
3.3635
-0.1142
-0.3411
-1.6401
-1.3918
1.1336
-2.4103
-0.8082
1.7025
-2.5212
-2.1075
-0.9081
0.3315
-2.4382
-0.3777
1.4281
-0.9777
-3.7061
-1.8287
4.4434
0.1215
1.2866
-3.8038
-0.6519
-0.6053
3.5550
1.5584
-0.8618
-5.0197
1.3427
3.3966
0.0362
4.4907
0.3156
2.5375
-0.7023
3.3190
-0.6630
1.9139
-1.7471
-3.4215
1.5532
-0.1618
0.2205
3.5785
1.1101
-0.3452
3.3030
0.5229
-2.5442
-1.2530
0.4961
2.3932
-3.1345
-0.5321
0.2938
0.4397
3.7198
0.1036
0.4883
-2.0602
-1.3551
1.3031
-1.4330
-2.3689
0.4572
3.6367
-2.5728
1.8932
-0.3904
3.1979
0.3161
1.6029
-4.9743
-1.7409
-1.3440
-1.5397
2.0051
2.2847
2.3760
-0.4536
0.7687
0.6865
-3.5069
0.2588
4.2843
1.9907
0.4511
-0.9256
2.8610
1.1529
2.1251
-0.4288
0.2559
0.0137
-2.1301
1.4428
-0.7488
-0.3412
-1.9118
-1.0553
0.7777
-1.7905
0.6973
0.8173
0.6384
-1.2166
-0.6846
-0.0966
-1.2694
0.5209
-1.8975
1.6515
-2.7468
0.9444
0.1566
1.6237
1.4924
-0.1122
-0.9412
-2.5881
-2.9017
2.8687
1.9536
0.7217
3.5715
-0.4810
1.6230
4.7255
0.8644
-2.1109
0.9000
1.3567
-2.1374
1.2684
-0.7196
0.1586
-0.5057
-1.1440
2.8110
0.0492
1.9921
3.2288
2.6485
1.7748
0.4389
4.0581
1.8629
-0.8571
3.7203
-0.3593
3.8266
-0.6784
-1.5497
2.4864
0.2557
2.6907
-1.5969
1.4154
-0.7922
1.5945
1.6969
4.2273
0.2130
0.9426
-1.9232
-1.4785
4.2939
1.4786
0.8550
2.7725
0.5803
0.8140
-0.3582
0.4844
4.4497
-3.3436
0.9666
3.6326
1.6898
5.6934
1.1190
4.9613
1.3919
1.4070
3.1415
3.2144
2.4245
3.2154
2.2509
1.6729
1.1544
1.4276
4.1635
2.2941
1.5125
2.7634
0.5413
-1.6645
0.3351
4.8978
-0.9676
0.6681
3.5698
-2.3303
-0.1261
2.8171
0.2538
1.8373
-0.9193
1.5807
0.7618
0.5423
2.9193
1.5831
3.0431
-0.5372
1.9251
-0.0018
-5.0993
3.6413
-0.8114
2.6886
0.0509
-2.3344
-1.0168
4.6932
2.4160
-3.8613
-0.3887
4.0388
0.6274
3.7259
-1.3476
0.8788
5.5931
-2.0775
2.5790
2.6571
2.5926
3.7851
1.6899
3.1019
3.8211
-0.1780
-5.6376
-2.5791
-0.5470
3.3809
4.7805
0.6084
0.3112
-1.4814
-4.8213
0.0268
-0.2164
-1.7392
-0.5037
0.6082
4.2016
-0.2717
3.0325
0.0769
1.0446
-0.6329
0.0731
0.9049
-0.4281
-0.3719
1.7168
-1.5940
1.5894
0.1374
-2.3970
3.7892
3.6700
-2.0683
-4.8445
1.4859
0.6731
-0.2060
-1.0108
-4.0710
-2.2467
-3.5903
-0.2493
0.6920
-1.7464
0.0309
4.0942
-3.0171
3.5513
0.4790
-2.8957
-4.5690
-1.5715
-1.7991
-3.4749
3.9088
1.7994
1.8368
-2.9555
-2.3970
0.8541
1.1388
0.7780
1.1612
1.9568
-1.0110
-0.4663
0.8825
0.1426
-0.0317
3.4260
3.8936
-2.2218
0.8732
5.0419
-0.5214
2.0639
-0.8365
1.1445
1.0994
-0.2447
0.5768
0.4741
-1.5108
-0.3256
-0.0990
3.2056
-0.9588
2.2486
-3.9815
1.8703
-4.7623
0.5736
-0.3305
2.0514
0.4810
0.5850
0.8789
-1.9317
-1.1253
3.1058
-0.7231
4.9914
-1.5620
-0.3988
-0.7232
-0.7135
1.0670
-0.4338
1.0767
-4.0473
-4.7896
1.2096
-3.8895
-1.8506
3.2015
3.4406
1.6109
-0.1399
0.6681
1.9338
1.7501
2.7850
0.9627
3.2784
4.3867
2.5554
0.2029
2.3354
5.1018
-3.1728
4.1910
2.3750
1.3084
0.1365
2.2630
0.1077
1.5348
3.5333
2.1387
-0.0865
1.6963
3.6670
0.2216
3.8517
4.4217
0.4307
1.9605
-0.5589
-1.6307
-1.4537
0.2185
0.4207
3.6624
1.9570
0.3535
1.1093
-0.9460
3.8033
4.5022
-0.2086
-0.8844
2.0448
2.4697
2.4586
1.6118
3.8567
0.3672
2.7416
2.5839
-0.2917
1.9173
1.7723
-2.3487
0.5894
2.2466
1.8900
1.6851
3.8449
3.4615
3.2946
0.4515
1.5266
3.7270
3.7688
0.5213
1.9954
1.4318
0.0604
1.9071
3.5610
-3.9026
-1.1401
-0.9368
1.4661
2.2518
0.0093
1.7425
1.2376
3.3333
0.6055
1.6765
0.0913
-1.3457
2.1174
1.1057
2.4861
4.6315
1.3045
3.8357
0.9165
0.9032
2.5878
2.1967
1.5542
1.7663
-0.7388
0.4272
2.4963
3.2439
1.8202
5.4268
-3.7421
0.7928
0.4987
1.0835
-0.4539
3.6357
0.6375
0.0405
-1.0411
1.1504
1.3308
1.2520
-1.0869
0.3634
-0.3221
0.3528
1.7633
0.4429
-0.0929
0.6412
2.2094
2.2452
1.7640
3.3760
5.0886
1.0555
3.1404
1.8942
4.9495
-0.8569
2.1369
2.5835
0.0965
-1.3765
0.7425
2.2556
3.4309
3.4479
-0.9341
-2.6631
3.8663
2.9593
-3.3675
1.1986
-1.5009
2.0811
1.2745
-0.6744
0.1116
0.2923
4.0004
-2.2416
1.0976
-2.7378
-0.8823
-1.9275
-0.8287
3.0299
0.6379
-3.6591
0.3003
2.7249
-0.3891
0.2275
1.7534
-1.6141
-0.4314
1.2051
2.3512
2.7778
-0.2948
1.7138
5.1743
0.6553
0.3683
-0.5249
-0.2023
-0.5223
-0.0646
0.2556
4.4180
3.4179
-1.5558
1.4189
1.6101
4.0305
-0.8151
-0.5055
3.4627
-2.2222
0.1318
1.3107
3.8504
0.2178
3.5339
-1.3247
0.5136
0.2944
1.7647
-0.7264
3.0473
1.3519
-2.3430
2.3612
-0.5090
0.7359
2.4257
2.6024
-0.5203
1.0342
0.0596
3.1432
4.7257
-1.7469
-3.1810
1.3909
2.7541
0.3545
0.8795
-1.7957
1.6465
-1.8153
1.5577
-0.3089
-4.0757
-3.0070
0.8835
-1.2026
-0.9867
-1.5939
-2.4879
-0.6683
3.4932
1.2737
-1.1513
1.9828
-0.6921
-5.3497
-3.2009
0.7232
1.2190
0.6170
1.2974
0.0170
0.2766
0.4870
-0.2800
-2.9067
-2.9106
-0.4955
1.2701
0.3467
2.1821
-1.0440
2.2881
-1.2715
0.8960
-0.7848
-0.4670
-0.8448
3.3643
1.5303
5.5649
1.1161
-0.4039
5.4816
-2.6166
-1.7705
1.3709
3.0042
4.3485
-0.6331
2.0022
3.4609
0.8902
2.1171
-1.3394
-0.2005
1.4406
1.3262
0.6418
4.1386
2.3837
0.1781
2.0716
5.5451
1.1435
-0.3877
-4.0262
5.6656
3.5874
5.6573
2.4269
3.3361
1.3852
0.1158
0.9327
-0.8391
1.8243
-2.6276
1.8345
-0.0478
2.2173
4.8216
1.5574
2.4821
0.0555
2.9520
0.6994
0.3354
-0.2135
-0.0226
4.4066
1.3692
-0.7905
0.9565
0.0624
1.1264
-2.3453
1.6294
2.9690
2.0365
4.0323
1.8409
-0.0953
1.0535
2.5957
3.4866
1.8924
-1.1910
2.4991
1.7912
-0.9773
2.6837
3.1468
0.4639
2.7418
0.6701
3.8583
-2.0803
-0.3303
1.7395
3.6147
1.0460
-1.6940
2.5192
1.9564
-3.2040
-2.4243
0.3929
3.4848
0.6553
3.0311
-4.2034
-1.3579
4.3230
0.5764
-0.9823
-2.0573
-4.2694
1.8228
-0.3043
3.1470
2.5299
-1.1754
-1.5038
1.7534
4.1110
1.2162
-1.2828
0.0658
2.0187
1.1318
0.3713
-0.8457
0.4979
3.1578
-1.2667
0.8997
-0.1605
2.0954
1.7320
1.9067
-0.2363
1.1945
4.1403
1.6434
2.1824
-0.7250
0.6684
0.8431
-0.1836
2.4701
2.5689
1.8394
-0.3628
0.0619
-1.8541
-1.1392
-0.5811
3.4440
-0.3372
-0.3063
-4.1051
-1.0549
1.6851
0.7812
2.4973
1.9584
4.5530
0.0346
-2.6090
-0.5624
-1.6874
3.1042
3.5056
0.7871
0.3062
2.2706
1.4870
0.7599
1.7361
0.8311
-3.5459
2.5142
-1.3054
1.8935
1.4721
-3.4555
-1.1682
-2.3776
2.8990
2.2282
-0.1844
-0.9951
-2.8472
1.5369
0.0840
-1.9336
2.1266
2.6842
1.2515
1.6817
-0.2283
1.7236
-1.1605
2.0320
1.0211
4.1915
3.8662
1.0563
-0.5881
-0.0182
5.2308
0.1526
-4.4541
0.0490
1.7727
4.0360
2.0425
2.7711
0.8628
1.0421
-1.9118
1.9056
-1.4446
-0.4059
-0.9781
-0.1501
1.1559
4.0085
1.1072
-2.3042
1.9175
-3.1445
2.4426
1.9525
2.5746
-4.1753
-1.4652
1.9674
-2.0187
-0.8801
2.4866
1.9795
3.6643
-1.4924
3.2669
-1.1345
2.6884
0.0731
4.4356
0.0597
0.7245
0.6424
3.2076
1.6789
1.5435
2.7832
0.3365
1.5244
-1.4551
0.3379
-1.3134
1.8283
3.1703
2.7080
0.8177
0.9803
1.2502
1.3306
-0.4588
2.4979
-1.0102
-1.2137
2.0460
1.3396
1.9392
1.1045
0.7469
0.2855
2.7400
1.4429
2.6920
2.0978
2.7547
0.4397
0.8402
2.7163
4.0067
-1.6746
1.6379
-1.7287
3.1724
3.0729
1.2423
-0.8653
-2.2969
0.6297
1.7979
2.6894
0.8680
1.1964
-2.7016
1.9607
0.4307
1.3347
2.7214
1.7278
3.4008
5.2957
0.1357
1.8507
3.6748
-1.1042
-0.4675
4.7407
-0.1248
1.4424
0.0170
0.5390
-0.2288
1.0552
3.6412
2.5698
-1.0289
2.8934
1.5107
2.2331
0.8053
2.5612
1.4025
3.5049
2.4562
4.1974
2.3209
4.7584
4.6014
3.0915
-1.6104
1.8865
-1.2258
-1.6246
2.2603
0.2358
-0.7005
5.7459
-0.4355
3.6573
5.5168
4.5802
0.3301
0.8840
-2.2508
0.8694
-0.3745
2.7337
1.9792
0.3779
2.5798
2.3160
4.4118
0.7451
0.4065
0.0767
3.7296
-0.5818
4.9766
0.8656
3.3246
-1.4580
1.1695
-0.2665
0.8035
2.1111
1.9982
4.3008
3.8446
2.0043
4.4584
-1.8304
3.9869
1.1759
2.3215
-1.7646
0.7334
0.2464
1.6926
4.3796
-1.8626
0.9762
1.1431
1.1203
1.5369
-0.7081
1.6440
2.9511
1.1856
2.2640
-1.0594
3.8209
-2.1029
-0.7464
2.9668
3.1809
-1.6816
1.7260
2.2362
-0.0288
0.0418
0.9868
2.0100
1.7990
-3.1489
5.8523
0.0342
3.7561
-2.3523
0.0044
0.4011
-1.4567
0.4475
2.0840
-2.1799
3.2494
1.9554
3.2404
-0.8870
-2.6671
-0.4660
3.5727
1.2350
-0.8524
-0.7613
2.1026
-2.0998
-1.1361
1.8509
-0.2742
-1.9398
1.0692
-2.4455
3.8245
-0.4653
-0.7218
1.0047
2.8340
2.1811
1.4153
0.8140
2.9813
0.7994
0.5807
0.1168
-0.9424
2.5546
-1.8099
-0.1223
2.5525
0.6870
-1.2225
-1.8119
-0.5952
-2.8401
-0.8814
-0.0667
-0.7007
0.5804
0.0573
-1.1155
-0.1627
-0.0342
2.4663
-2.1100
-1.9904
-1.0494
3.1636
1.6834
-1.6650
-1.5121
1.4210
3.8854
-0.4666
0.6513
-1.5650
-1.1836
-0.5882
2.3177
-2.1603
-2.1282
-1.4013
-2.1893
0.1303
1.2812
0.4565
0.8682
0.3733
0.7145
1.8278
-1.3817
0.6139
-2.6122
1.5531
-0.8506
-2.6627
-1.7324
-0.1046
6.7797
-0.7230
1.5109
1.1327
4.9757
-0.3362
0.4954
-1.7695
1.5158
0.5457
2.6486
1.6758
-3.4514
-2.1112
-1.8453
1.5785
-0.0717
-0.1178
-3.8232
-1.1195
-1.4799
-0.0747
-1.8857
2.6118
-2.9127
-1.6571
2.7386
2.6601
2.2292
-1.3267
-1.2262
-0.7253
-3.7861
2.8366
3.4834
3.1111
0.3473
-0.3800
0.0554
3.4115
1.7670
4.2422
-3.5224
3.4223
-0.9373
0.8328
-1.0557
-1.9298
2.3694
2.4478
1.0618
3.5137
0.5412
0.8987
-3.2692
2.5223
0.0807
-2.1029
-1.4227
-0.4143
-0.8978
0.6025
-1.7942
-3.6097
1.4965
1.0547
-1.3869
3.6109
-1.6211
-0.2013
-0.1024
0.7464
-2.5964
-0.8207
-0.5230
3.4956
-0.2257
-3.9255
-0.9802
3.8005
0.6893
1.2502
3.0198
1.6549
3.0095
0.7045
1.1558
-1.1985
2.7404
-1.9760
-0.6584
-0.7146
-1.7335
0.3680
-2.4781
0.4149
0.6675
0.0053
-0.2653
-0.0901
-2.7740
-0.2417
-4.9937
-1.2389
-0.4053
1.6745
0.8467
-0.0780
3.1119
2.5822
-0.1708
1.7629
-2.5382
0.2229
-4.0572
0.2438
-1.1273
2.1892
-1.3642
3.0566
-3.0246
-0.2195
-0.5467
1.2136
2.1247
-3.8049
-1.4771
0.5969
-1.1241
-0.5686
-0.8235
-3.2142
1.5639
-0.2728
0.5404
-0.6029
2.0933
-0.0128
0.5348
2.9141
2.4575
-3.7251
-0.6629
0.2980
1.1466
0.8392
2.6176
-0.4618
0.4965
-0.1789
-2.4728
-1.0472
-0.0691
2.8830
-0.1819
2.8040
0.6140
3.0413
1.4556
-2.1324
-0.3572
1.3181
-1.1781
3.3354
0.5337
0.3611
-0.4976
-2.0555
1.2447
2.8753
-0.3790
-1.2661
3.8120
-2.5033
0.8041
-1.6434
0.7733
4.5090
0.1763
0.1514
0.6184
3.7224
0.4085
0.1322
-1.0697
3.8672
-0.2219
1.6316
-0.2498
1.7485
-0.4246
1.8683
-3.3182
2.3909
2.4528
2.4842
3.0627
2.8437
1.3533
0.4768
2.1583
0.2765
1.3454
-0.0953
-0.3898
4.0959
-0.2840
1.0716
-0.3547
-0.6247
-0.6846
-1.1494
1.3448
2.0947
-0.1352
2.2165
-1.8098
-1.4956
1.5938
-4.9567
4.1351
4.3718
0.0559
4.3178
-0.5345
1.6699
0.4598
2.5685
1.9472
2.9570
1.4440
-2.8772
-1.7310
5.4431
-1.3089
1.9009
1.9070
-1.6430
2.6657
1.6720
1.6896
2.1045
3.2145
3.4767
0.5969
-1.4707
0.6165
3.2305
1.5305
2.3939
-0.2363
3.0539
0.6261
1.1251
-2.3793
0.5895
0.3951
2.2633
0.8748
-1.0660
-1.0056
4.0434
-4.2348
1.3759
-0.1452
1.0065
-3.2705
1.7974
2.1246
2.6357
3.1240
3.3501
-1.3907
-3.7736
2.0582
2.1441
1.3752
1.4788
-2.7900
0.3067
-4.1371
-1.4760
-0.1395
-2.1044
1.3855
1.5685
-0.9281
3.1480
-2.0818
0.8085
-0.9900
0.5176
-0.7582
0.8751
-3.3154
0.9331
2.0901
3.5922
-0.1416
-1.8427
1.3848
-1.5362
0.5944
-0.9744
-2.3701
-0.9818
1.3419
0.5248
1.6898
3.2236
4.6430
-2.9393
-3.7020
-3.7536
-0.6726
-0.1794
0.2209
2.3105
0.7955
-1.2388
0.0631
0.0820
-2.9462
4.3371
0.4092
-0.3426
2.6511
-2.5780
0.5613
-0.6393
2.0010
-0.5878
-0.4971
0.0422
2.1081
-0.1191
-0.4927
2.7944
1.2517
-0.6670
-1.7939
1.3473
2.5205
0.3535
0.8802
-1.6221
-1.8904
2.1892
3.3609
3.5887
-0.9915
-1.9002
-0.4819
2.0506
0.5412
-0.5559
-2.1777
1.8826
0.3682
2.7979
-3.4208
0.4302
0.7091
1.6119
-1.8068
3.7995
-1.4630
-0.4087
-0.5210
-1.6459
1.7438
1.5128
2.8979
0.6969
-1.3493
-2.8422
-1.3294
1.4130
-4.0856
-3.1288
1.7371
2.5009
0.6742
2.8924
-1.0017
0.6390
0.2217
-0.4944
-1.2635
2.1795
-4.0156
-0.9300
-1.8065
0.5362
-3.1597
1.1457
3.3240
1.8738
0.3738
0.2790
3.6726
-2.2870
-0.6537
1.6388
-1.7560
0.8357
2.7279
-1.9096
